40
108
138
169
295
324
355
376
446
458
510
538
643
663
727
769
840
853
889
941
1102
1186
1266
1345
1379
1435
1484
1581
1624
1671
1688
1703
1828
1844
1860
1874
1888
1900
1966
1983
2052
2141
2161
2286
2336
2576
2598
2674
2789
2807
2921
2935
2983
3062
3082
3099
3110
3121
3205
3271
3324
3335
3348
3408
3467
3506
3523
3549
3569
3661
3700
3723
3791
3874
3971
4097
4116
4152
4176
4219
4330
4355
4441
4546
4575
4694
4802
4813
4831
4904
4927
4977
5084
5130
5231
5379
5436
5516
5550
5625
5691
5748
5780
5898
5936
5970
5981
6044
6067
6080
6163
6252
6336
6357
6388
6457
6544
6572
6759
6786
6808
6919
6959
6976
7079
7090
7101
7152
7190
7269
7326
7375
7395
7507
7565
7578
7595
7667
7702
7754
7780
7811
7875
7889
7900
7920
7956
8088
8108
8248
8303
8314
8337
8357
8399
8413
8432
8527
8663
8684
8733
8766
8784
8935
8956
8967
8992
9018
9196
9238
9332
9360
9475
9499
9599
9617
9638
9727
9745
9795
9862
9964
9975
